STATUS=COMPLETE
CYCLES_PLANNED=1
CYCLES_COMPLETED=1
START_UTC=2026-05-13T01:04:09.0290472Z
END_UTC=2026-05-13T01:04:20.6058945Z
