STATUS=COMPLETE
CYCLES_PLANNED=3
CYCLES_COMPLETED=3
START_UTC=2026-05-13T14:55:54.7334575Z
END_UTC=2026-05-13T14:57:10.6345321Z
