STATUS=RUNNING
CYCLES_PLANNED=20
CYCLES_COMPLETED=7
LAST_CYCLE_UTC=2026-05-11T02:53:54.2279515-05:00
LAST_CYCLE_RESULT=PASS
START_UTC=2026-05-11T07:50:58.2488612Z
