STATUS=COMPLETE
CYCLES_PLANNED=20
CYCLES_COMPLETED=20
START_UTC=2026-05-11T07:50:58.2488612Z
END_UTC=2026-05-11T07:59:23.2658087Z
