STATUS=COMPLETE
CYCLES_PLANNED=1
CYCLES_COMPLETED=1
START_UTC=2026-05-13T20:42:02.4699086Z
END_UTC=2026-05-13T20:42:14.0823602Z
