STATUS=COMPLETE
CYCLES_PLANNED=1
CYCLES_COMPLETED=1
START_UTC=2026-05-11T03:56:14.1224841Z
END_UTC=2026-05-11T03:56:19.6076534Z
