STATUS=COMPLETE
CYCLES_PLANNED=20
CYCLES_COMPLETED=20
START_UTC=2026-05-12T01:29:48.6681313Z
END_UTC=2026-05-12T01:40:57.4820116Z
