STATUS=COMPLETE
CYCLES_PLANNED=2
CYCLES_COMPLETED=2
START_UTC=2026-05-12T01:23:58.4755292Z
END_UTC=2026-05-12T01:24:21.4939041Z
