STATUS=COMPLETE
CYCLES_PLANNED=1
CYCLES_COMPLETED=1
START_UTC=2026-05-11T04:12:47.9258984Z
END_UTC=2026-05-11T04:12:53.3986858Z
