STATUS=RUNNING
CYCLES_PLANNED=20
CYCLES_COMPLETED=9
LAST_CYCLE_UTC=2026-05-11T20:20:40.0410118-05:00
LAST_CYCLE_RESULT=FAIL_SYNC
START_UTC=2026-05-12T01:18:56.6837350Z
