STATUS=COMPLETE
CYCLES_PLANNED=5
CYCLES_COMPLETED=5
START_UTC=2026-05-11T11:49:30.6479283Z
END_UTC=2026-05-11T11:51:39.5637224Z
