STATUS=COMPLETE
CYCLES_PLANNED=5
CYCLES_COMPLETED=5
START_UTC=2026-05-11T10:11:54.1585993Z
END_UTC=2026-05-11T10:14:03.0070170Z
