STATUS=COMPLETE
CYCLES_PLANNED=5
CYCLES_COMPLETED=5
START_UTC=2026-05-13T00:42:22.4678387Z
END_UTC=2026-05-13T00:43:20.0109597Z
