STATUS=COMPLETE
CYCLES_PLANNED=1
CYCLES_COMPLETED=1
START_UTC=2026-05-11T04:14:23.6662275Z
END_UTC=2026-05-11T04:14:48.1804918Z
