STATUS=COMPLETE
CYCLES_PLANNED=2
CYCLES_COMPLETED=2
START_UTC=2026-05-13T01:06:46.0537406Z
END_UTC=2026-05-13T01:07:09.1239193Z
