STATUS=COMPLETE
CYCLES_PLANNED=2
CYCLES_COMPLETED=2
START_UTC=2026-05-12T01:27:43.4892390Z
END_UTC=2026-05-12T01:28:46.8113081Z
