STATUS=COMPLETE
CYCLES_PLANNED=2
CYCLES_COMPLETED=2
START_UTC=2026-05-13T00:49:18.4487093Z
END_UTC=2026-05-13T00:50:09.0952715Z
