STATUS=COMPLETE
CYCLES_PLANNED=3
CYCLES_COMPLETED=3
START_UTC=2026-05-11T17:56:46.7281156Z
END_UTC=2026-05-11T17:58:02.6860215Z
