STATUS=COMPLETE
CYCLES_PLANNED=5
CYCLES_COMPLETED=5
START_UTC=2026-05-11T17:32:59.1565976Z
END_UTC=2026-05-11T17:35:08.0233539Z
