STATUS=COMPLETE
CYCLES_PLANNED=5
CYCLES_COMPLETED=5
START_UTC=2026-05-13T00:46:01.6629744Z
END_UTC=2026-05-13T00:46:59.3283510Z
