STATUS=COMPLETE
CYCLES_PLANNED=20
CYCLES_COMPLETED=20
START_UTC=2026-05-11T15:28:25.3011750Z
END_UTC=2026-05-11T15:36:51.2896679Z
