STATUS=COMPLETE
CYCLES_PLANNED=3
CYCLES_COMPLETED=3
START_UTC=2026-05-13T14:54:34.3786735Z
END_UTC=2026-05-13T14:55:08.9479978Z
