STATUS=RUNNING
CYCLES_PLANNED=20
CYCLES_COMPLETED=8
LAST_CYCLE_UTC=2026-05-11T11:18:59.4331730-05:00
LAST_CYCLE_RESULT=PASS
START_UTC=2026-05-11T16:15:17.4586818Z
