STATUS=COMPLETE
CYCLES_PLANNED=20
CYCLES_COMPLETED=20
START_UTC=2026-05-10T15:07:19.6306280Z
END_UTC=2026-05-10T15:36:48.8119365Z
