STATUS=COMPLETE
CYCLES_PLANNED=2
CYCLES_COMPLETED=2
START_UTC=2026-05-11T16:24:44.1334777Z
END_UTC=2026-05-11T16:25:34.8400060Z
