STATUS=COMPLETE
CYCLES_PLANNED=3
CYCLES_COMPLETED=3
START_UTC=2026-05-11T17:27:47.4048205Z
END_UTC=2026-05-11T17:29:05.8030702Z
