STATUS=COMPLETE
CYCLES_PLANNED=100
CYCLES_COMPLETED=100
START_UTC=2026-05-10T15:09:32.7781489Z
END_UTC=2026-05-10T17:36:58.5302753Z
