STATUS=COMPLETE
CYCLES_PLANNED=20
CYCLES_COMPLETED=20
START_UTC=2026-05-11T07:15:51.8406223Z
END_UTC=2026-05-11T07:24:16.0152771Z
