STATUS=COMPLETE
CYCLES_PLANNED=20
CYCLES_COMPLETED=20
START_UTC=2026-05-10T15:36:51.0850932Z
END_UTC=2026-05-10T16:06:19.0327566Z
