STATUS=COMPLETE
CYCLES_PLANNED=20
CYCLES_COMPLETED=20
START_UTC=2026-05-11T05:33:35.2879171Z
END_UTC=2026-05-11T05:42:00.5886220Z
